# Lista de IDs (proposta_isize) para forçar inclusão nos disparos WPP
# Um ID por linha. Linhas começando com # são ignoradas.
# Atualizado em: 19/01/2026
#
# Para adicionar novos IDs, basta incluir um por linha.
# Exemplo: 250021191

250021191
250021065
250020878
250019999
250019882
250019827
250019814
250019505
250019464
250019444
250019389
250019363
250019321
250019267
250019195
250019190
250019189
250019181
250019101
250019100
250019077
250019063
250019033
250019030
250018983
250018935
250018885
250018688
250018671
250018670
250018658
250018649
250018609
250018592
250018582
250018569
250018466
250018465
250018363
250018344
250018275
250018201
250018196
250018181
250018171
250018144
250017961
250017923
250017911
250017864
250017808
250017437
250017346
250017324
250017320
250017311
250017097
250017085
250017065
250017037
250017020
250016918
250016773
250016729
250016722
250016674
250016633
250016406
250016130
250015862
250015737
250015688
250015664
250015599
250015294
250015271
250015261
250015226
250015104
250015101
250015096
250015093
250015054
250014916
250014888
250014632
250014619
250014273
250014245
250014159
250014061
250014042
250014022
250013959
250013901
250013856
250013827
250013794
250013710
250013666
250013552
250013540
250013426
250013375
250013335
250013306
250013166
250013161
250013130
250013108
250013010
250012997
250012996
250012732
250012721
250012710
250012666
250012618
250012588
250012485
250012434
250012334
250012253
250012203
250011980
250011944
250011917
250011885
250011685
250011642
250011627
250011574
250011571
250011419
250011340
250011324
250011196
250011190
250011115
250010839
250010789
250010615
250010591
250010426
250010293
250010275
250010225
250010224
250010220
250010198
250010179
250009991
250009900
250009857
250009816
250009804
250009792
250009763
250009470
250009353
250009298
250009281
250009275
250009238
250009236
250009195
250009164
250008988
250008959
250008881
250008876
250008861
250008818
250008815
250008814
250008719
250008708
250008594
250008483
250008426
250008380
250008313
250008223
250008216
250008113
250008053
250008052
250008001
250007749
250007744
250007627
250007625
250007564
250007527
250007450
250007410
250020588
250020546
250020411
250020123
250019885
250019874
250019722
250019553
250019516
250019511
250019487
250019458
250019302
250019265
250019138
250018974
250018929
250018792
250018640
250018613
250018556
250018549
250018492
250018447
250018413
250018368
250018268
250018215
250018051
250017978
250017951
250017895
250017886
250017874
250017873
250017866
250017843
250017782
250017777
250017744
250017733
250017719
250017700
250017679
250017665
250017663
250017653
250017652
250017627
250017616
250017573
250017540
250017495
250017477
250017462
250017433
250017421
250017405
250017384
250017381
250017349
250017322
250017297
250017296
250017295
250017259
250017255
250017238
250017233
250017226
250017218
250017210
250017207
250017198
250017191
250017178
250017168
250017128
250017048
250017041
250016941
250016890
250016873
250016832
250016749
250016695
250016673
250016581
250016571
250016565
250016464
250016436
250016435
250016428
250016384
250016274
250016234
250016204
250016134
250016119
250016080
250016070
250016051
250015999
250015993
250015966
250015949
250015866
250015834
250015807
250015804
250015755
250015740
250015738
250015724
250015708
250015622
250015620
250015619
250015557
250015540
250015531
250015498
250015471
250015434
250015390
250015384
250015374
250015360
250015350
250015337
250015274
250015189
250015179
250015136
250015047
250015013
250015000
250014946
250014941
250014927
250014890
250014850
250014818
250014806
250014791
250014781
250014760
250014735
250014733
250014713
250014682
250014668
250014618
250014616
250014576
250014555
250014525
250014498
250014489
250014487
250014464
250014447
250014436
250014425
250014409
250014408
250014388
250014360
250014358
250014307
250014259
250014195
250014194
250014155
250014034
250013875
250013819
250013805
250013765
250013727
250013707
250013639
250013632
250013568
250013543
250013518
250013384
250013357
250013305
250013279
250013200
250013185
250013182
250013178
250013150
250013139
250013105
250013072
250013062
250012992
250012930
250012918
250012888
250012849
250012752
250012743
250012677
250012665
250012649
250012645
250012632
250012505
250012488
250012481
250012422
250012416
250012415
250012406
250012352
250012252
250012208
250012194
250012171
250012129
250012115
250012070
250012018
250011894
250011852
250011808
250011757
250011742
250011622
250011577
250011558
250011490
250011428
250011422
250011404
250011245
250011188
250011175
250011169
250011144
250011130
250011111
250011066
250010993
250010981
250010950
250010920
250010888
250010821
250010691
250010641
250010595
250010530
250010475
250010444
250010396
250010340
250010268
250010264
250010249
250010243
250010178
250010175
250010132
250010116
250010058
250009979
250009925
250009860
250009831
250009686
250009628
250009551
250009545
250009535
250009523
250009486
250009483
250009395
250009347
250009331
250009323
250009322
250009303
250009266
250009229
250009227
250009178
250009158
250009134
250009133
250009069
250009063
250009043
250009041
250009029
250009026
250008992
250008987
250008986
250008968
250008967
250008955
250008918
250008903
250008898
250008897
250008872
250008860
250008858
250008846
250008837
250008823
250008812
250008811
250008805
250008792
250008776
250008759
250008752
250008722
250008692
250008677
250008618
250008600
250008542
250008512
250008511
250008509
250008468
250008412
250008409
250008404
250008389
250008357
250008351
250008297
250008293
250008289
250008280
250008239
250008225
250008209
250008188
250008166
250008153
250008135
250008125
250008114
250008102
250008097
250008090
250008065
250008048
250008043
250007999
250007998
250007981
250007974
250007966
250007965
250007964
250007953
250007950
250007943
250007933
250007912
250007880
250007869
250007864
250007847
250007823
250007797
250007786
250007779
250007771
250007766
250007729
250007726
250007711
250007696
250007669
250007648
250007618
250007616
250007613
250007605
250007602
250007601
250007598
250007589
250007585
250007579
250007566
250007565
250007545
250007525
250007498
250007492
250007472
250007467
250007461
250007457
250007456
250007455
250007448
250007442
250007437
250007427
250007419
250007407
250007404
250007391
250007377
250007359
